30121101
10033110
32203322
10120020
31130113
21101130
03131211
13330202
01011121
12100320
01120210
00132100
21101200
30013130
31302002
20011330
00021200
11111000
22112021
03022123
13110130
21222110
30113230
12021021
11301100
11201031
00311011
01322231
20202010
01011032
11311123
11212012
03002102
10223030
12112000
01102002
21012111
31220120
01312121
02000100
10331110
13103031
11001113
22102302
11223033
11000023
10111113
11**3111
31021331
20102333
32323011
00131221
21321331
21202132
22002110
23303200
33002020
10110310
31231011
10132112
13232203
11002032
31101030
11131302
31302001
11100330
03021221
10302022
30321331
21302003
10311011
12300120
22201211
30322110
11211312
30222211
20302103
11311232
23013023
30222322
11130031
22011210
20201200
00003122
11201201
30331030
20213201
20101212
02102031
11233001
00321112
13123202
20132212
10202020
12102100
12003022
03011130
02221300
23210030
10312011
00322101
02231121
00011321
11120221
22031110
22121021
10100202
00200301
30000031
30023321
31112101
10312311
13300122
11220320
33302111
30320011
22000133
13103332
02010112
30201030
33012122
21122203
10002112
30013120
33002120
10313030
20111312
23121202
10123032
31112020
13330210
11100031
10002121
31220201
32111031
11032002
30321032
30301300
00310311
23031131
20131311
22320031
23021003
33312011
11312010
31011021
33203210
31300330
22113010
10302113
31312103
00300130
10332121
20203111
20131002
20011110
12111030
01300221
32303121
00101113
30000013
00210003
31122110
10312120
21201201
12102121
01211231
31211011
00200021
33200031
11212100
20032203
22000001
23312101
12212001
20120230
10221110
03312011
01311213
30213211
32111102
21212120
13122112
23323022
10101021
10112000
01213120
22200230
20220012
00101011
11213131
11033021
30213012
22202010
20013131
11300302
01002013
12300110
31031020
01113110
21301231
12032000
12100112
00321010
21300331
01201021
21111111
01200011
32103311
31211031
12302113
13202200
11231110
21103302
02012100
22132220
10302220
00022102
23300030
20320332
00130100
20220330
00131022
20211101
21200112
21302210
02102313
00221020
13112110
00100302
00022011
00123021
11111022
30300001
11212200
00130012
31112100
22300222
11321122
11100021
23010131
30110123
21023110
11013120
01131022
33101111
30123323
30131301
31012031
22321320
10313021
21130120
21201213
32110210
23221213
10203012
21301111
00312130
31110100
32212120
00202321
13322203
11102121
21321113
23110032
20010110
20310010
11030022
10211002
30203210
00103113
11113030
13011101
10020101
11332002
32030233
00002101
10313121
21011021
11112010
11221121
103002**
01102211
01122033
12001120
03100312
00323002
00201102
30000310
31101001
33113031
00113222
10310013
01112020
01200132
21111002
10030110
01201010
32100200
20102310
11001102
00130122
33103010
01111110
32311013
12311130
12011100
00111120
11110101
21120031
01203111
11131121
12102011
21310130
03101133
11203121
12012230
02020321
13111022
21211331
33221013
20111121
20211101
30121011
21023020
22322033
11221232
01133113
11212222
11302120
11121101
22311201
01121320
10200131
20011101
10000103
02313111
00001113
32121012
00320010
12001211
10301113
11132120
20032132
11103000
02100122
20021222
30010120
11320303
02123311
20212112
11311011
10011310
30003011
10101331
30013022
10102000
21122111
12113011
20021132
02103331
00312302
30210021
03103012
30111010
20110121
00022210
21101130
01311100
30030312
22013130
10101322
22133030
22111112
20011101
01101303
31302120
01011012
11323021
20212202
00100022
03021120
10101231
01113201
11111113
30232121
21102121
00100101
22303303
20101011
03220131
11201033
11012031
10111011
20213120
33303000
32000122
10101000
11103110
10003320
30232010
00121111
01103033
03001030
30020130
10313002
20002213
10220003
12100010
01110111
00232111
02301201
22010121
11011022
32113131
30100131
02010033
00101001
31213023
12112031
10003111
31222300
00031020
32021200
31011331
30203132
01121213
30012120
31323110
22102011
00011200
00010001
03003030
10312102
01211000
20000000
11202111
21010111
23310003
00012113
20031313
10102322
23121022
21210001
11230203
00122100
21302130
30131221
31101331
10012000
21220211
20100010
10301022
23002301
10002121
21213010
00311121
22221322
01011201
21211031
12132331
01312010
01012330
31002012
21120313
20021021
01311030
22310011
00102021
213130**
00111212
11031021
31232212
23210310
10100133
00230310
30312120
20201031
13121021
12031003
30102011
01301001
11113130
30320020
10303011
00113111
02232112
00311313
12010111
33323010
22112110
01220222
20311230
23210201
21103231
11101211
02113113
31112121
21100110
11303101
12112230
03102010
01110102
13031013
00220120
31003102
23201311
20110211
31103102
11001233
10022000
03020102
33310230
30323031
22013010
00**0323
01002200
02303100
00011013
20222030
12101033
22321213
10122221
10121001
22031010
20321322
01320131
00130333
13102020
22110331
30201013
01002030
20200312
11100121
10111321
30130110
03233111
20212120
31110210
01300032
21311100
20130100
11102102
10122000
10021023
21102033
31113212
22110113
20013112
10032110
30111110
00033030
12111110
11020201
13033132
10312103
02111011
20122103
10022232
11202330
00311020
00112130
22303100
12302120
11102321
30013231
00220132
21020311
13301120
30100022
12112030
12322001
31320200
01201020
02111120
10210330
03121211
32123233
31311113
32212002
33022020
22303121
30223200
12103112
22311011
02022012
11223013
20301101
11202230
32121220
00111002
12331102
31112120
12200221
21002030
03303030
12212030
32111330
20301103
00132010
32000030
21020023
10111032
22020030
31032331
10100100
23100010
30222121
2023****
20022130
00001101
11202111
01031231
31021103
30211213
13220113
11211303
12333211
20010023
31033122
01111211
03300000
30030000
02302111
21012101
20112123
30131130
01102010
13113130
32233210
10000311
21211212
1110**13
20012123
31011303
12212232
01222300
30212032
10310122
01012211
12001312
22000130
21211311
10013110
23210011
02202011
00110203
11001210
11100111
32313213
22213100
01021300
22202221
01030020
21102310
32123312
11012310
13121121
30123311
22302312
03011323
10103131
23001001
02201301
12232021
32300210
10031022
00010220
30311210
11111033
01021000
10110110
00102223
00200312
30221213
00113112
32221111
32321102
00001333
11321001
11001111
31312022
20220030
11221000
31301231
12231121
02311101
03033111
32201032
31021000
22221003
30311031
30232002
20100102
21003112
31001111
10023000
30122011
21230131
10303103
21011111
22101322
23213011
21210221
21230021
11311101
13102011
21100031
21222330
11311031
31013131
32022120
31211211
21312032
10333201
30103320
00222221
01122221
21000300
11000131
11211123
21110211
30203122
**020131
20002220
11300031
00000330
01301212
30113130
21123121
11133022
30310311
20331033
33011003
10100012
11120010
12022131
10313023
13312111
11001021
20202011
30100320
13230121
20001333
****01**
01132231
31013100
21011031
10213122
02113310
00300131
11102102
11133120
00220110
11311000
22011212
30002212
20131311
03301110
31222231
30122110
02332213
00321213
13233232
33211023
03131121
10133031
32303113
22112222
31113031
22110100
11013121
10323221
20132310
10330010
0211**01
10111103
02103121
21012132
11212010
10321210
00213231
20222200
31131133
20202111
10031313
20023230
01212221
31322213
02213111
13212330
23311311
03112002
13210121
12232223
32021121
02112030
000221**
10111210
12111103
33032200
22213210
31001032
20021331
30001111
00111302
20022031
13110211
01003003
30103121
00211011
13133021
22112031
21222110
22311011
20111221
01010303
13321120
21020200
02010232
21100213
33113111
00113021
23001130
11112030
01033022
12230122
32101021
21200230
01311130
20130130
12120022
01030331
21020103
32113101
02122100
20101000
03310311
30000032
11332012
21022113
31131320
33001111
32301130
10100000
01323121
10111020
10323003
00310021
33112111
03103030
30110031
11313013
01220012
01322000
01201020
10101221
11300223
12112312
11131121
11310110
20102211
30011101
30110230
20202103
02310113
1131**20
33201201
11221110
12123331
20201011
11221110
32012023
02310221
11211020
13300323
11203030
01203111
00113032
13032021
30113003
11100121
22213101
11302213
11213010
00101100
11103221
21112110
********
00301012
31212113
13301222
20121111
20101000
03211122
22211110
22301211
3120****
10333012
23332120
21110132
21212321
03010002
20222210
30120211
00213230
11210132
00221011
12102103
22210033
21213132
3021****
20110013
10101010
10112311
31101023
30201031
20120022
20111010
22110222
13011223
31311010
30220130
31210021
10101112
11311010
13100100
31130100
21121102
02111312
13103230
**0130**
32201230
03000102
12002100
12011130
**323320
11310320
03303210
11210300
32311220
31321101
10003011
20020301
21213030
02121212
23101311
11113000
12300003
00212102
01202213
11001211
20232102
03313111
20320322
22002111
10103132
20122103
30233022
00301020
31300301
02220012
21100011
00011220
20012011
02301113
21302123
31212200
22201030
21310021
20122010
11112130
103010**
30010010
10121030
03323002
10113100
10201003
31220202
11211010
31112120
10001002
12021011
20102211
21012020
21113002
00000021
20133131
13023111
12321110
32203120
12203120
20032022
31212120
23202030
11000001
30111011
21123101
11123103
13211120
20112122
12200022
10301203
20101030
03300112
01321110
31000131
03300011
30011112
23112100
31012100
21210300
10112231
00121122
11000012
22120100
1132**21
20011312
03302021
02111120
02210011
32300032
10121231
33101133
30011012
00313131
00120003
00110131
10103332
20300130
11102210
02113011
00202110
11021121
32300000
01303210
30121111
03100331
01201010
12211233
20211012
21310223
33210012
11301000
10310211
10001121
13011030
30011101
30203131
00001012
11032013
13302003
10213030
22110210
12111130
20312230
13021122
31131001
10020101
10102232
03002222
11111031
21300131
21101211
11331010
10211130
23223021
21312121
12212111
11311032
10211023
10000321
02023121
01211123
31101032
11302211
31332200
23211021
00133012
20131220
23132200
21012101
02201212
10202332
31311131
23300131
22020020
00110021
21201333
02000011
21030102
10210121
01103022
10002121
23210030
01201013
30211012
23102120
31303100
32001020
00323210
00111001
11221002
20110331
20102122
02110100
12331010
20303021
02000003
01112123
02313110
20001112
00321011
21222331
**321221
01031301
20000231
30103011
10311003
01232111
20033332
10121132
00122102
32331230
10321312
32010031
00103121
00232121
21101003
30111022
02**2013
11**0010
10302212
11111010
12220031
01111330
21001331
30100230
33301120
02102130
211110**
30323311
11302301
**113131
22133111
10310103
32210203
12211123
10312030
01001110
10001230
01003101
00001020
20033120
10021100
32112011
01310331
23310220
21221121
00310031
03312221
31033011
01010000
10122120
11300132
30302121
00102111
20102112
00311130
33311020
32022120
11302131
21122200
03**3123
33101022
31013031
03301020
11210020
02002111
10001111
11302001
12200111
01200032
23002210
21113011
01220312
01311111
33021031
20132020
22100031
21133133
31111113
10203120
21311330
23210020
12030330
00132110
31100300
20110130
03101200
10203022
30121003
32222032
10002230
11112201
10**1110
22110012
31001113
22021010
00101001
12112211
10001122
32203000
02111210
00112223
32110301
21110301
21300010
21113131
03001200
00321213
01102101
12010222
31301020
11120211
01220010
03312102
00210101
20101111
11010130
11002010
01223031
13131211
10123101
31310101
00313021
10033221
21301010
31302123
10100000
11112120
02012012
20201333
30303011
11001311
13311013
11122202
31310010
03102110
02121230
22011100
31101000
21221221
00122121
22002130
23222110
11321030
00311301
01311032
30301102
10000131
21222121
21312210
00311111
02321202
02101030
10111102
20321220
00211020
01122202
10330233
00133111
22301231
30123230
11100021
11133122
31121000
21222310
11302012
10121013
32130031
01111121
12210100
20023012
10232121
20320131
10112010
20111130
31003010
30210030
111122**
00112002
00112010
23201111
11222310
12103011
**023032
21110310
22******
20001022
20012122
11200011
**202012
30330230
12100121
10231003
02102111
00110133
12121010
13131113
32322120
00213003
10100301
21013120
12201010
11133310
21201101
10200220
33002102
10303310
01010111
10100110
10313212
31313320
31210220
11121120
33021122
21023111
03313022
10123122
01010131
01210030
21303011
21230130
12221321
12121121
31112112
01001131
01121022
00002111
01222122
20033131
20002130
11111121
10010301
10313320
31101031
23211102
23111200
01120210
31133212
00223120
03203013
21133101
10230021
22113210
03310021
12203231
01010202
01023013
31221013
10232212
01110010
01031233
21211200
03223032
31031020
11300031
10122122
31112021
03202021
20302022
11010122
02203332
01323021
23011031
31232123
12011132
10222230
21203111
31031202
02221122
00122000
31112101
10020022
10033131
33222030
12011332
23203012
11002101
31203132
11001010
21301233
33113001
01201223
12331310
31002031
11221330
10212010
33012120
20020231
12112110
32231111
20100122
10111020
20232010
11202213
30111231
10212020
00321020
30221231
02033011
31102100
20200112
20211100
00202120
13211120
01100311
22111000
21011020
21002200
22220101
30211111
30113320
21023300
10300112
02002300
10131210
10110103
31202102
01121030
11121010
2210**20
10111201
30012122
13200000
13320101
21301330
31301030
22310122
11200233
00303001
22200123
21231300
10122013
02102213
32021133
21120130
20101110
00001311
02110322
11232110
00121210
02110322
22300013
31103232
02302212
02213010
01121330
12111001
11110002
31101130
00101010
33211230
32201033
02300311
20011331
03111132
10031120
30302321
11102230
31320000
01131212
22000021
32321210
11100102
11123121
10113012
20102120
21122001
00311221
00111311
10001331
00221110
30023112
01112020
03211221
20111323
10220331
11211211
31030321
21101212
20000301
31233130
00231120
11210002
21002003
01132021
10220320
10110121
11001011
12210020
31312030
32212031
21123012
10012030
30322112
30223032
22301300
30103032
12202021
11130202
11112123
20111112
30130221
23001100
20021220
20320101
31232110
11311201
13122111
00303102
32001031
01200120
31111022
03102201
31020122
22020130
31313122
30311013
32312103
32031130
21100310
20200102
22012113
22230011
03201031
21020111
00301201
11111320
10110002
11020102
20321010
02202232
11301330
13001111
02012111
02**1210
22232000
30213123
00013120
00112032
30312110
21200111
32122001
13022002
20300130
03202010
30121030
02321010
02231020
11030103
11101110
10201011
01103213
31302100
23113200
10210020
21302113
02102220
22011210
00110200
31010310
01102130
00101102
10001020
20100030
02202100
00223100
20311120
32002201
20030200
12012312
11101130
03200320
02101110
20021021
21332113
12200300
31212011
11303112
23212112
30212300
11220002
32013301
31110121
03003131
30101110
20303131
10011211
10210220
31022111
31111112
22201130
03003211
22213031
12310020
02102103
00222310
30211012
00203000
11101131
02312202
32302232
02002103
03122200
31311113
10313203
20000100
32112100
11202132
02002312
22113010
02200213
01032113
00003113
31322201
02020013
01122221
03021020
10312130
11331201
22212011
21010111
30002221
32222010
20310112
22011111
13113021
01000220
13210332
30222211
30132220
20230023
30031210
02010112
31031102
10301012
21113201
10111012
01123000
12211011
32000213
13221212
21312011
00111010
00103111
00232210
11200021
01300230
12130300
30212221
02113113
21132111
11112010
22000010
21113202
11012112
03222302
10013021
01231223
21222112
12132021
12213301
23322311
22230300
10210302
00101012
0030**20
31302033
30011031
11322221
32212102
11220100
20032312
21010012
10020231
10301220
31210001
31312110
21011211
11201100
23130020
11221330
21002130
31102200
31120210
11110000
01102000
01211212
00032132
22032111
20312300
31310101
10202203
30011221
12001030
20300012
22211131
11310002
00111021
02012100
20111020
01210002
22113100
01101033
30003212
22022112
10210121
01002100
10012102
30113031
12002032
11211010
13312131
11101012
20310010
11312201
31101131
00303111
01112001
30211103
21223001
10210031
30322003
12021002
02**2211
03220112
10211203
10103011
32001030
31133020
22113131
13321310
22100202
30202210
21010030
22231112
01101031
10021022
22311010
22101330
11101200
30113301
32303012
30112201
00121220
20202031
20302001
10100031
22010011
01112321
11033131
01311101
31001100
01212010
10010101
13301001
21101012
30112001
20112113
10202010
01300100
12111121
13110232
31012000
10331011
30021111
10011233
11121320
00221200
20321230
20303010
21330111
11102110
31110132
10113003
11300001
10003013
20111010
02200110
02211322
00322111
03122220